--------- TESTS ---------
Tests count: 100000000 (or other number in brackets)			CDX			CVK			CGL			CDXR			CVKR			CGLR			VDX			VVK			VGL			PDX			PVK			PGL			PDXR			PVKR			PGLR			CG (20)				VG (10)				PG (20)				
1. 16344MB	8x	Intel(R) Core(TM) i7-6700K CPU @ 4.00GHz	 71.0358 (434.191)	 75.4271 (504.969)	 73.7613 (510.131)	 78.2285 (1141.55)	 83.3303 (1493.09)	 76.9599 (1009.66)	 23.5067 (156.141)	 23.764 (167.465)	 23.7428 (181.31)	 23.1787 (131.744)	 23.2999 (407.435)	 23.4691 (552.647)	 24.4113 (305.17)	 24.7867 (219.577)	 24.141 (152.119)	 3.34462e+10 (3.92035e+09)	 1.46711e+10 (1.08159e+09)	 9.30093e+09 (1.78454e+09)	
2. 16332MB	12x	AMD Ryzen 5 3600 6-Core Processor              	 107.897 (439.068)	 110.921 (422.443)	 107.007 (406.238)	 110.357 (612.639)	 115.776 (490.299)	 110.231 (463.495)	 52.4152 (163.599)	 52.041 (147.702)	 51.5937 (174.93)	 51.5614 (128.049)	 52.0758 (97.7248)	 51.4394 (137.301)	 52.002 (227.761)	 51.7579 (310.152)	 52.0648 (374.998)	 3.31265e+10 (3.44223e+09)	 1.35866e+10 (1.2284e+08)	 8.80884e+09 (1.94999e+09)	
3. 16188MB	8x	AMD Ryzen 7 3750H with Radeon Vega Mobile Gfx  	 173.125 (15029.7)	 190.058 (7475.66)	 191.41 (9679.65)	 203.383 (15505.6)	 235.294 (6980.82)	 208.921 (5966.26)	 72.2426 (1672.68)	 73.7344 (5166.77)	 76.6215 (12546.9)	 72.5898 (17635.9)	 74.2044 (1124.16)	 73.9337 (1342.57)	 74.0212 (11168.2)	 76.2268 (5394.2)	 76.1162 (2028.11)	 6.10819e+10 (9.27217e+09)	 2.75783e+10 (1.08253e+09)	 1.79719e+10 (3.30544e+09)	
4. 16304MB	8x	Intel(R) Core(TM) i5-9300H CPU @ 2.40GHz	 48.7497 (714.953)	 50.7735 (898.142)	 50.9093 (796.924)	 50.4416 (1007.05)	 52.9954 (741.91)	 51.8347 (863.565)	 15.7688 (321.488)	 15.596 (191.152)	 15.8142 (386.833)	 15.1721 (102.568)	 15.3445 (295.114)	 15.5707 (313.116)	 15.8894 (340.418)	 15.8539 (543.405)	 17.1596 (1456.14)	 2.13352e+10 (2.80561e+09)	 9.02309e+09 (3.35058e+08)	 5.85389e+09 (1.20544e+09)	
5. 12177MB	8x	Intel(R) Core(TM) i7-4720HQ CPU @ 2.60GHz	 61.9127 (752.816)	 64.789 (1796.24)	 65.882 (6556.65)	 73.0446 (3241.34)	 82.1793 (5477.56)	 78.7156 (4431.25)	 22.2601 (8080.35)	 20.5513 (660.924)	 20.5015 (219.121)	 19.3023 (1019.66)	 20.0175 (192.46)	 19.7905 (408.917)	 20.9135 (7389.06)	 25.3511 (5175.44)	 21.2887 (242.374)	 3.20796e+10 (4.44197e+09)	 1.33674e+10 (3.92127e+08)	 8.53755e+09 (1.76006e+09)	
6.  8154MB	4x	Intel(R) Core(TM) i3-6300 CPU @ 3.80GHz      	 82.7288 (2742.19)	 95.0925 (7443.35)	 80.687 (3137.35)	 86.3392 (2218.63)	 96.2934 (9138.11)	 84.9777 (5304.14)	 26.7484 (299.97)	 27.7377 (1663.34)	 27.2923 (1012.8)	 26.6259 (356.308)	 26.2813 (356.382)	 26.318 (318.63)	 27.4171 (1315.68)	 27.7871 (669.883)	 28.31 (848.409)	 3.40421e+10 (5.76961e+09)	 1.60435e+10 (1.10084e+09)	 1.02789e+10 (2.07574e+09)	
7.  8144MB	4x	Intel(R) Core(TM) i3-6100 CPU @ 3.70GHz      	 91.3078 (993.451)	 104.318 (5135.29)	 98.5687 (8032.94)	 97.6781 (2802.42)	 104.258 (12031.9)	 98.6075 (2599.34)	 28.2824 (791.997)	 27.264 (384.023)	 30.3403 (5729.23)	 29.7786 (805.482)	 28.0383 (225.392)	 27.6653 (735.227)	 29.8339 (292.89)	 31.444 (374.016)	 31.8334 (1033.91)	 4.0683e+10 (4.96994e+09)	 1.68919e+10 (1.23216e+09)	 1.07319e+10 (2.82657e+09)	
8. 15789MB	12x	AMD Ryzen 5 4600HS with Radeon Graphics      	 85.9864 (412.121)	 88.628 (552.253)	 91.0409 (478.219)	 87.7813 (445.468)	 89.2818 (418.374)	 87.2272 (423.573)	 30.3007 (123.628)	 30.334 (122.837)	 30.3591 (142.58)	 30.5657 (90.1918)	 31.063 (93.344)	 30.6139 (100.335)	 31.6853 (112.13)	 31.2754 (95.667)	 30.983 (107.467)	 3.90763e+10 (5.62232e+09)	 1.25927e+10 (5.18695e+08)	 8.07784e+09 (1.76379e+09)	
9.  8077MB	4x	Intel(R) Core(TM) i5-7300HQ CPU @ 2.50GHz	 63.2553 (1337.42)	 65.3615 (1174.32)	 65.3785 (1101.29)	 65.7433 (1326.63)	 69.9967 (1214.99)	 66.8316 (1167.2)	 20.7954 (681.689)	 20.5127 (433.675)	 20.8856 (473.466)	 20.3764 (535.598)	 19.9679 (462.558)	 20.0713 (400.79)	 22.0646 (1331.33)	 21.5204 (1516.52)	 21.019 (619.524)	 2.4784e+10 (3.51827e+09)	 1.22313e+10 (1.43498e+08)	 7.87211e+09 (1.57513e+09)	

-------- RESULTS --------
	Cache		Cache Res	Virtual		Proxy		Proxy Res		
1.	73.4081		79.5062		23.6712		23.3159		24.4464		
2.	108.608		112.121		52.0167		51.6922		51.9416		
3.	184.864		215.866		74.1995		73.576		75.4547		
4.	50.1442		51.7572		15.7264		15.3624		16.301		
5.	64.1946		77.9798		21.1043		19.7034		22.5178		
6.	86.1694		89.2034		27.2595		26.4084		27.8381		
7.	98.0648		100.181		28.6289		28.494		31.0371		
8.	88.5518		88.0968		30.3313		30.7475		31.3146		
9.	64.6651		67.5239		20.7312		20.1385		21.5346		

Cache	/ Cache Res	= 0.938677
Proxy	/ Proxy Res	= 0.947252

Proxy	/ Virtual 	= 0.981115
Proxy	/ Cache		= 0.340062
Virtual / Cache		= 0.346284